
World Football Elo Ratings: Union of European Football Associations

    Ratings
    Results
    Fixtures
    Graph

Ratings and Statistics as of Tuesday June 8 2021
Rank
Average
1 Year Change
Matches
Goals
Local
Global
Team
Rating
Rank
Rating
Rank
Rating
Total
Home
Away
Neutral
Wins
Losses
Draws
For
Against
1
2
Belgium
2100
24
1745
−1
+16
809
393
347
69
354
286
169
1460
1294
2
3
France
2087
16
1779
0
+40
868
445
322
101
430
259
179
1544
1217
3
4
Portugal
2037
19
1785
+2
+51
630
293
239
98
304
177
149
1064
727
4
5
Spain
2033
7
1939
−1
+5
714
313
282
119
417
132
165
1431
644
5
6
Italy
2013
8
1912
+2
+44
836
376
303
157
445
163
228
1463
820
6
7
England
1982
4
1980
+5
+26
1075
469
494
112
630
201
244
2515
1050
7
9
Denmark
1973
20
1797
+7
+82
840
382
375
83
387
278
175
1545
1151
8
10
Netherlands
1950
15
1841
−5
−68
835
393
340
102
424
229
182
1726
1074
9
12
Germany
1936
8
1908
−1
−29
975
428
392
155
565
210
200
2188
1149
10
15
Switzerland
1890
27
1682
0
−8
821
395
364
62
291
352
178
1211
1381
11
16
Sweden
1849
16
1797
+2
−15
1062
462
478
122
521
312
229
2131
1398
12
17
Wales
1833
22
1665
+8
+50
676
317
335
24
216
314
146
839
1103
13
19
Croatia
1825
12
1876
−6
−95
336
137
143
56
175
72
89
582
342
14
21
Ukraine
1814
34
1729
−2
−41
278
128
115
35
126
74
78
384
277
15
22
Poland
1803
29
1710
+2
+13
858
366
386
106
372
275
211
1460
1157
16
23
Turkey
1801
42
1609
+3
+22
601
264
268
69
231
226
144
818
858
17
25
Serbia
1792
20
1783
−2
+1
798
281
390
127
370
249
179
1488
1104
18
28
Czechia
1764
13
1858
+6
+28
817
331
391
95
395
245
177
1505
1020
19
34
Hungary
1747
19
1837
+21
+128
977
436
469
72
465
306
206
2011
1456
19
34
Austria
1747
20
1809
−3
+6
803
404
356
43
336
294
173
1435
1255
21
36
Russia
1744
22
1741
−14
−50
737
276
344
117
381
165
191
1300
732
22
37
Norway
1738
38
1614
+2
+15
833
394
389
50
303
344
186
1248
1388
23
40
Finland
1685
62
1494
+9
+37
768
315
402
51
198
412
158
908
1618
24
41
Scotland
1678
14
1879
+9
+37
798
373
380
45
378
246
174
1376
979
25
44
Greece
1661
49
1549
+13
+53
596
270
267
59
221
228
147
737
835
26
45
Slovakia
1656
38
1685
−10
−78
310
133
143
34
124
111
75
441
394
27
50
Romania
1629
27
1720
−8
−72
740
307
351
82
329
228
183
1210
949
28
52
Bosnia and Herzegovina
1628
51
1639
−8
−55
230
93
111
26
88
89
53
332
308
29
54
Slovenia
1617
55
1614
+6
+31
261
117
119
25
92
105
64
322
312
30
55
Republic of Ireland
1616
23
1626
−19
−113
685
347
281
57
241
265
179
908
1096
31
57
Israel
1609
48
1619
+14
+71
474
237
189
48
178
186
110
723
670
32
59
Iceland
1605
80
1417
−16
−80
466
198
223
45
145
235
86
554
782
33
60
North Macedonia
1603
76
1524
+10
+57
250
118
109
23
77
110
63
298
333
34
63
Armenia
1584
104
1411
+30
+133
232
90
107
35
58
127
47
236
419
35
66
Northern Ireland
1567
39
1653
−21
−111
564
257
273
34
154
270
140
584
867
36
70
Albania
1560
75
1491
+5
+29
351
164
164
23
93
185
73
321
541
37
75
Georgia
1527
71
1545
−6
−24
264
111
128
25
82
124
58
318
366
38
76
Montenegro
1518
55
1624
+1
−5
117
61
53
3
40
44
33
142
148
39
78
Bulgaria
1501
38
1637
−12
−59
715
275
366
74
264
278
173
999
1058
40
80
Belarus
1491
77
1519
−1
−29
252
96
133
23
77
112
63
294
361
41
81
Kosovo
1487
108
1398
−16
−74
57
23
18
16
21
26
10
81
86
42
103
Estonia
1398
91
1350
−7
−36
482
208
228
46
120
255
107
478
858
43
107
Luxembourg
1386
108
1245
+15
+47
416
225
176
15
38
328
50
259
1130
44
110
Azerbaijan
1375
107
1397
+2
−1
274
91
134
49
55
147
72
216
451
45
116
Cyprus
1365
99
1382
−9
−34
378
212
160
6
74
240
64
337
822
46
124
Kazakhstan
1347
101
1420
−9
−14
216
81
96
39
51
114
51
226
359
47
131
Lithuania
1319
88
1310
−3
−1
362
141
180
41
94
199
69
367
667
48
136
Latvia
1288
82
1409
+10
+34
404
165
189
50
114
193
97
485
678
49
141
Faroe Islands
1263
119
1251
+9
+37
233
100
114
19
38
167
28
172
569
50
155
Moldova
1220
105
1408
−8
−19
248
89
122
37
46
143
59
192
417
51
156
Malta
1219
118
1321
+12
+51
405
216
166
23
51
284
70
252
922
52
180
Liechtenstein
1093
164
1133
−5
−49
209
96
102
11
17
165
27
93
593
53
181
Gibraltar
1089
178
1087
+2
+2
67
20
28
19
12
48
7
44
209
54
186
Andorra
1026
183
1042
−6
−79
179
72
81
26
7
149
23
51
458
55
209
San Marino
827
193
933
0
+7
177
86
87
4
1
169
7
25
746
